1613
1551
1499
1455
1420
1399
1386
1381
1393
1413
1446
1487
1539
1598
1665
1739
1819
1903
1988
2082
2168
2255
2340
2421
2497
2566
2629
2680
2723
2760
2782
2794
2796
2788
2766
2734
2692
2641
2582
2513
2440
2360
2275
2188
2102
2012
1923
1838
1758
1683
1614
1552
1497
1455
1420
1398
1386
1383
1392
1415
1444
1488
1537
1597
1664
1740
1819
1902
1991
2078
2166
2254
2339
2421
2495
2567
2627
2680
2726
2760
2783
2794
2795
2788
2768
2735
2692
2643
2580
2514
2439
2360
2275
2188
2099
2010
1924
1839
1757
1683
1613
1553
1498
1454
1422
1397
1386
1384
1394
1414
1442
1487
1538
1597
1665
1738
1820
1901
1989
2078
2167
2255
2340
2420
2495
2566
2626
2679
2724
2757
2781
2795
2795
2785
2765
2735
2694
2641
2581
2514
2440
2360
2276
2189
2100
2010
1924
1840
1756
1682
1613
1554
1499
1455
1423
1398
1386
1384
1393
1415
1445
1487
1539
1598
1664
1740
1817
1903
1989
2077
2167
2256
2338
2418
2495
2565
2628
2681
2725
2759
2782
2795
2796
2787
2766
2734
2693
2641
2581
2513
2440
2361
2277
2188
2101
2011
1925
1839
1758
1683
1614
1552
1498
1455
1422
1399
1386
1384
1394
1416
1445
1487
1538
1598
1665
1739
1818
1903
1990
2077
2166
2254
2340
2421
2494
2566
2626
2681
2724
2758
2783
2793
2794
2786
2764
2735
2693
2643
2582
2515
2440
2362
2276
2189
2102
2012
1925
1839
1760
1684
1615
1553
1498
1454
1419
1397
1387
1382
1393
1414
1445
1487
1536
1595
1664
1738
1817
1900
1990
2077
2164
2254
2338
2419
2495
2564
2627
2678
2724
2757
2782
2793
2795
2788
2765
2735
2691
2641
2583
2515
2440
2361
2275
2190
2102
2012
1925
1840
1759
1684
1614
1553
1499
1455
1422
1398
1385
1384
1393
1414
1444
1486
1537
1595
1664
1738
1817
1900
1987
2076
2166
2254
2336
2419
2495
2564
2627
2679
2724
2758
2781
2794
2798
2786
2765
2734
2692
2642
2581
2514
2440
2361
2276
2189
2102
2011
1926
1840
1758
1683
1615
1552
1498
1455
1422
1399
1386
1385
1394
1414
1444
1486
1538
1598
1664
1738
1816
1901
1987
2077
2164
2252
2337
2418
2494
2565
2625
2679
2724
2759
2782
2794
2797
2786
2765
2732
2695
2642
2583
2515
2441
2361
2276
2190
2104
2012
1927
1840
1759
1685
1614
1554
1499
1453
1424
1400
1385
1383
1393
1414
1443
1487
1535
1597
1664
1738
1817
1901
1988
2078
2166
2252
2337
2418
2494
2565
2626
2678
2724
2758
2782
2794
2797
2786
2764
2734
2693
2643
2582
2516
2441
2361
2277
2191
2104
2012
1925
1840
1760
1684
1613
1554
1498
1456
1421
1398
1386
1385
1393
1415
1445
1485
1535
1596
1663
1736
1816
1901
1987
2076
2165
2251
2337
2417
2494
2564
2625
2681
2723
2759
2783
2794
2797
2787
2764
2735
2694
2642
2583
2514
2441
2362
2277
2193
2103
2013
1926
1840
1760
1686
1615
1553
1502
1455
1422
1398
1385
1385
1394
1414
1445
1485
1535
1595
1664
1737
1814
1898
1986
2076
2164
2252
2337
2418
2494
2564
2624
2679
2722
2758
2781
2793
2796
2787
2767
2734
2693
2643
2583
2515
2441
2361
2279
2192
2103
2014
1926
1840
1760
1684
1615
1553
1500
1456
1421
1398
1384
1384
1393
1414
1445
1486
1537
1594
1661
1737
1815
1899
1986
2076
2164
2250
2337
2417
2492
2562
2625
2678
2723
2757
2781
2794
2794
2785
2765
2735
2693
2643
2584
2516
2442
2362
2278
2192
2104
2014
1928
1843
1760
1685
1617
1555
1500
1456
1422
1398
1385
1384
1393
1414
1445
1487
1534
1594
1661
1735
1815
1899
1985
2075
2163
2252
2336
2419
2494
2563
2624
2679
2723
2755
2781
2794
2796
2788
2766
2734
2694
2643
2582
2517
2442
2363
2279
2193
2104
2012
1927
1842
1761
1686
1616
1555
1500
1456
1423
1399
1385
1382
1393
1414
1443
1483
1536
1596
1662
1735
1815
1900
1985
2074
2163
2251
2336
2417
2493
2562
2625
2679
2724
2757
2779
2794
2797
2787
2765
2735
2694
2644
2583
2516
2442
2363
2278
2192
2104
2014
1928
1843
1761
1685
1616
1554
1501
1456
1421
1398
1387
1383
1394
1413
1443
1484
1535
1594
1662
1737
1814
1898
1987
2074
2164
2253
2335
2415
2493
2563
2624
2679
2724
2757
2781
2795
2795
2786
2765
2736
2693
2644
2582
2517
2442
2362
2279
2192
2103
2014
1928
1843
1765
1686
1616
1554
1499
1458
1423
1397
1386
1384
1394
1413
1443
1483
1535
1595
1661
1735
1815
1899
1985
2073
2162
2249
2336
2415
2491
2564
2624
2677
2724
2757
2778
2795
2794
2787
2766
2733
2695
2643
2585
2516
2443
2364
2279
2193
2105
2014
1928
1843
1762
1685
1616
1555
1500
1457
1423
1399
1385
1385
1392
1414
1443
1485
1536
1593
1661
1735
1814
1897
1986
2074
2163
2251
2334
2415
2492
2562
2623
2677
2722
2754
2780
2794
2795
2786
2766
2735
2693
2644
2584
2518
2444
2362
2281
2194
2104
2016
1928
1843
1762
1686
1617
1555
1500
1455
1422
1399
1385
1384
1392
1413
1443
1485
1535
1593
1661
1734
1814
1897
1983
2074
2163
2250
2333
2416
2491
2563
2625
2677
2722
2758
2779
2794
2795
2786
2767
2736
2695
2644
2585
2517
2442
2363
2280
2193
2105
2016
1929
1846
1762
1687
1617
1555
1502
1457
1422
1401
1386
1382
1394
1413
1444
1484
1535
1592
1661
1734
1813
1896
1984
2072
2162
2248
2333
2415
2491
2560
2624
2676
2722
2756
2780
2793
2794
2786
2767
2735
2694
2645
2585
2517
2444
2362
2279
2192
2105
2016
1930
1844
1764
1686
1617
1555
1501
1457
1424
1400
1385
1385
1393
1413
1443
1484
1533
1593
1661
1734
1813
1895
1983
2073
2160
2250
2334
2415
2491
2561
2622
2677
2722
2757
2781
2794
2795
2787
2766
2735
2696
2645
2585
2519
2443
2365
2281
2193
2106
2017
1928
1845
1764
1687
1618
1556
1501
1457
1422
1401
1387
1384
1393
1412
1444
1484
1534
1594
1659
1734
1812
1898
1982
2073
2162
2248
2333
2415
